543.6339948291105
538.6808138062548
533.664499213244
528.594074561332
523.4785633617732
518.3269891258212
513.1483753647304
507.9517455897548
502.7461233121484
497.54053204316534
492.3439952940597
487.16553657608546
482.0141794004968
476.8989472785478
471.82886372149244
466.8129522405848
461.8602363470791
456.9797395522292
452.18048536728924
447.47149730351344
442.8617988721557
438.3604135844701
433.9763649517109
429.7186764851319
425.59637169598733
421.6184740955312
417.79400719501774
414.13199450570073
410.6414595388346
407.33142580567306
404.21091681747043
401.28895608548066
398.5745671209579
396.0767734351563
393.8045985393296
391.76706594473234
389.9731991626182
388.4320217042414
387.15255708085607
386.1438288037161
385.41486038407584
384.97467533318905
384.83229716231006
384.9967493826929
385.47705550559147
386.2822390422599
387.4213235039524
388.90333240192285
390.7372892474256
392.9322175517144
395.4971408260435
398.44108258166705
401.77306632983885
405.5021155818132
409.6372538488441
414.1875046421858
419.16189147309194
424.5694378528169
430.4191672926148
436.72010330373956
443.4812693974453
