591.6326293945312
582.3822631835938
573.2447509765625
564.2511596679688
555.4282836914062
546.7996215820312
538.3851928710938
530.201904296875
522.2639770507812
514.5830688476562
507.1687316894531
500.02838134765625
493.167724609375
486.59100341796875
480.3011169433594
474.2998962402344
468.5881652832031
463.16607666015625
458.03314208984375
453.1883850097656
448.630615234375
444.3582763671875
440.3698425292969
436.6637878417969
433.2385559082031
430.09283447265625
427.22540283203125
424.635498046875
422.322509765625
420.2862548828125
418.52685546875
417.044921875
415.84136962890625
414.9176330566406
414.2755126953125
413.917236328125
413.8453674316406
414.06304931640625
414.5735778808594
415.38079833984375
416.4887390136719
417.9018859863281
419.6248474121094
421.66259765625
424.020263671875
426.7031555175781
429.7168273925781
433.06671142578125
436.7585754394531
440.79791259765625
445.1904296875
449.94158935546875
455.0567626953125
460.5412292480469
466.39990234375
472.63739013671875
479.2579650878906
486.265380859375
493.6629638671875
501.4532470703125
509.6381530761719
