108.19400184910998
106.91088533396155
105.64368681520106
104.39639580117932
103.17300180024723
101.97749432075557
100.81386287105515
99.68609695949685
98.59818609443147
97.55411978420987
96.55788753718286
95.61347886170127
94.72488326611595
93.89609025877769
93.13108934803738
92.4338700422458
91.80842184975381
91.25873427891224
90.7887968380719
90.40259903558366
90.10413037979832
89.89738037906672
89.78633854173968
89.77499437616804
89.86733739070264
90.06735709369433
90.37904299349388
90.80638459845217
91.35337141692003
92.02399295724825
92.82223872778772
93.75209823688925
94.81756099290364
96.02261650418174
97.3712542790744
98.86746382593245
100.51523465310672
102.318556268948
104.28141818180717
106.40780990003502
108.70172093198244
111.16714078600018
113.80805897043913
116.62846499365011
119.63234836398395
122.82369858979149
126.20650517942354
129.78475764123095
133.56244548356455
137.54355821477515
141.7320853432136
146.13201637723074
150.7473408251774
155.58204819540435
160.6401279962625
165.92556973610266
171.44236292327565
177.19449706613233
183.18596167302348
189.42074625229992
195.9028403123126
