122.6185302734375
120.7669906616211
119.06695556640625
117.51264190673828
116.09837341308594
114.81863403320312
113.66805267333984
112.64146423339844
111.7338638305664
110.94050598144531
110.25682067871094
109.67853546142578
109.2015609741211
108.82210540771484
108.53663635253906
108.34187316894531
108.23481750488281
108.21273803710938
108.27320861816406
108.41404724121094
108.6333999633789
108.9296646118164
109.30154418945312
109.74801635742188
110.26836395263672
110.86212921142578
111.52919006347656
112.2696533203125
113.0839614868164
113.97282409667969
114.93721771240234
115.97845458984375
117.09807586669922
118.2979507446289
119.5802001953125
120.94723510742188
122.40174865722656
123.94669342041016
125.5853042602539
127.32106018066406
129.15773010253906
131.09930419921875
133.15000915527344
135.31431579589844
137.59689331054688
140.00262451171875
142.53652954101562
145.20384216308594
148.0098876953125
150.96009826660156
154.0599822998047
157.31504821777344
160.7308349609375
164.31277465820312
168.06622314453125
171.99632263183594
176.10797119140625
180.40576171875
184.8938751220703
189.5760040283203
194.4552001953125
