780.9999999999997
786.1315624999996
790.5074999999998
794.1496874999998
797.0799999999997
799.3203124999998
800.8924999999998
801.8184374999998
802.1199999999998
801.8190624999997
800.9374999999999
799.4971874999998
797.5199999999999
795.0278124999999
792.0424999999998
788.5859374999998
784.6799999999998
780.3465624999998
775.6074999999998
770.4846874999998
764.9999999999998
759.1753124999998
753.0324999999998
746.5934374999998
739.8799999999998
732.9140624999997
725.7174999999997
718.3121874999996
710.7199999999998
702.9628124999997
695.0624999999995
687.0409374999997
678.9199999999996
670.7215624999995
662.4674999999995
654.1796874999995
645.8799999999995
637.5903124999995
629.3324999999996
621.1284374999996
612.9999999999997
604.9690624999995
597.0574999999997
589.2871874999996
581.6799999999996
574.2578124999998
567.0424999999999
560.0559374999998
553.3199999999998
546.8565624999999
540.6874999999998
534.8346874999999
529.3199999999998
524.1653124999998
519.3925
515.0234374999999
511.08000000000027
507.5840625000002
504.5575000000001
502.0221875000001
500.0000000000001
