778.3917236328125
783.4496459960938
787.3388061523438
790.1766357421875
792.0723876953125
793.1270751953125
793.433837890625
793.0779418945312
792.1370239257812
790.681884765625
788.776123046875
786.4771728515625
783.8366088867188
780.900146484375
777.7085571289062
774.2979125976562
770.6997680664062
766.9420166015625
763.0487670898438
759.0408935546875
754.9365844726562
750.751220703125
746.4979248046875
742.18798828125
737.830810546875
733.434326171875
729.005126953125
724.5487670898438
720.0699462890625
715.5725708007812
711.0599975585938
706.5352783203125
702.001220703125
697.4603271484375
692.9152221679688
688.3685913085938
683.8233032226562
679.2825927734375
674.7499389648438
670.229248046875
665.72509765625
661.242431640625
656.786865234375
652.3646240234375
647.9827880859375
643.6488647460938
639.3712768554688
635.1591796875
631.0224609375
626.9718017578125
623.0184326171875
619.1746826171875
615.4533081054688
611.867919921875
608.4327392578125
605.1627197265625
602.0733642578125
599.1807250976562
596.5014038085938
594.052490234375
591.8514404296875
